g_mean(x) = -0.016794316158130818 x + -0.00459741115458673
bias: [0.19729503], var: [0.33123228], eout: [0.52091652], bias+var: [0.5285273]
